0.010846
-0.060014
-0.145336
-0.185828
-0.232104
-0.255242
-0.272596
-0.302965
-0.343456
-0.381056
-0.414317
-0.459147
-0.495300
-0.527115
-0.560376
-0.584960
-0.593637
-0.610991
-0.631236
-0.651482
-0.671728
-0.678959
-0.687636
-0.706435
-0.707881
-0.719450
-0.726681
-0.710774
-0.707881
-0.710774
-0.707881
-0.704989
-0.707881
-0.710774
-0.713666
-0.709328
-0.706435
-0.706435
-0.713666
-0.713666
-0.716558
-0.722343
-0.725235
-0.722343
-0.731020
-0.722343
-0.725235
-0.719450
-0.720897
-0.722343
-0.719450
-0.723789
-0.719450
-0.725235
-0.726681
-0.728127
-0.731020
-0.723789
-0.729573
-0.725235
-0.733912
-0.728127
-0.718004
-0.726681
-0.722343
-0.720897
-0.719450
-0.725235
-0.719450
-0.722343
-0.722343
-0.720897
-0.725235
-0.728127
-0.728127
-0.723789
-0.722343
-0.722343
-0.725235
-0.716558
-0.718004
-0.710774
-0.709328
-0.723789
-0.726681
-0.722343
-0.720897
-0.723789
-0.726681
-0.723789
-0.722343
-0.726681
-0.725235
-0.728127
-0.723789
-0.732466
-0.732466
-0.729573
-0.728127
-0.728127
-0.726681
-0.722343
-0.725235
-0.725235
-0.723789
-0.725235
-0.722343
-0.725235
-0.722343
-0.720897
-0.722343
-0.720897
-0.726681
-0.725235
-0.720897
-0.725235
-0.723789
-0.726681
-0.722343
-0.735358
-0.732466
-0.726681
-0.718004
-0.716558
-0.718004
-0.720897
-0.720897
-0.723789
-0.722343
-0.725235
-0.726681
-0.722343
-0.718004
-0.716558
-0.716558
-0.720897
-0.720897
-0.722343
-0.723789
-0.720897
-0.720897
-0.722343
-0.720897
-0.729573
-0.720897
-0.719450
-0.720897
-0.725235
-0.728127
-0.725235
-0.726681
-0.728127
-0.726681
-0.728127
-0.720897
-0.715112
-0.718004
-0.716558
-0.722343
-0.718004
-0.719450
-0.722343
-0.723789
-0.723789
-0.725235
-0.716558
-0.722343
-0.722343
-0.716558
-0.716558
-0.715112
-0.719450
-0.718004
-0.719450
-0.728127
-0.733912
-0.728127
-0.725235
-0.716558
-0.718004
-0.720897
-0.728127
-0.723789
-0.725235
-0.725235
-0.722343
-0.723789
-0.725235
-0.726681
-0.725235
-0.726681
-0.728127
-0.725235
-0.726681
-0.729573
-0.725235
-0.725235
-0.722343
-0.720897
-0.726681
-0.729573
-0.725235
-0.723789
-0.720897
-0.723789
-0.720897
-0.728127
-0.728127
-0.726681
-0.720897
-0.716558
-0.722343
-0.728127
-0.723789
-0.722343
-0.723789
-0.720897
-0.722343
-0.722343
-0.726681
-0.726681
-0.729573
-0.728127
-0.725235
-0.722343
-0.722343
-0.716558
-0.719450
-0.718004
-0.723789
-0.723789
-0.725235
-0.728127
-0.735358
-0.732466
-0.729573
-0.731020
-0.729573
-0.726681
-0.726681
-0.729573
-0.732466
-0.731020
-0.731020
-0.729573
-0.725235
-0.725235
-0.723789
-0.720897
-0.725235
-0.722343
-0.726681
-0.725235
-0.716558
-0.718004
-0.712220
-0.713666
-0.720897
-0.722343
-0.725235
-0.723789
-0.723789
-0.716558
-0.719450
-0.719450
-0.723789
-0.723789
-0.719450
-0.722343
-0.723789
-0.718004
-0.718004
-0.716558
-0.720897
-0.725235
-0.716558
-0.712220
-0.713666
-0.718004
-0.725235
-0.726681
-0.731020
-0.725235
-0.729573
-0.729573
-0.729573
-0.722343
-0.720897
-0.722343
-0.729573
-0.728127
-0.723789
-0.728127
-0.723789
-0.720897
-0.718004
-0.718004
-0.718004
-0.722343
-0.722343
-0.720897
-0.732466
-0.735358
-0.729573
-0.731020
-0.725235
-0.722343
-0.722343
-0.718004
-0.722343
-0.722343
-0.719450
-0.729573
-0.725235
-0.710774
-0.716558
-0.718004
-0.718004
-0.719450
-0.719450
-0.718004
-0.715112
-0.719450
-0.725235
-0.728127
-0.722343
-0.725235
-0.729573
-0.723789
-0.720897
-0.723789
-0.722343
-0.720897
-0.722343
-0.720897
-0.719450
-0.728127
-0.725235
-0.725235
-0.731020
-0.731020
-0.722343
-0.725235
-0.725235
-0.731020
-0.725235
-0.726681
-0.723789
-0.725235
-0.728127
-0.725235
-0.725235
-0.723789
-0.723789
-0.718004
-0.715112
-0.720897
-0.722343
-0.718004
-0.719450
-0.720897
-0.723789
-0.722343
-0.719450
-0.722343
-0.725235
-0.723789
-0.723789
-0.723789
-0.722343
-0.722343
-0.715112
-0.720897
-0.720897
-0.720897
-0.725235
-0.722343
-0.720897
-0.716558
-0.720897
-0.725235
-0.726681
-0.723789
-0.720897
-0.720897
-0.725235
-0.723789
-0.731020
-0.728127
-0.729573
-0.726681
-0.720897
-0.720897
-0.720897
-0.725235
-0.722343
-0.718004
-0.723789
-0.725235
-0.731020
-0.733912
-0.725235
-0.720897
-0.716558
-0.722343
-0.720897
-0.722343
-0.722343
-0.723789
-0.716558
-0.718004
-0.716558
-0.713666
-0.716558
-0.718004
-0.718004
-0.720897
-0.719450
-0.720897
-0.725235
-0.726681
-0.723789
-0.726681
-0.725235
-0.720897
-0.723789
-0.720897
-0.720897
-0.722343
-0.725235
-0.725235
-0.728127
-0.725235
-0.728127
-0.726681
-0.732466
-0.726681
-0.725235
-0.726681
-0.729573
-0.729573
-0.728127
-0.729573
-0.726681
-0.728127
-0.726681
-0.722343
-0.729573
-0.731020
-0.729573
-0.733912
-0.729573
-0.725235
-0.722343
-0.722343
-0.722343
-0.723789
-0.719450
-0.722343
-0.718004
-0.716558
-0.719450
-0.716558
-0.713666
-0.716558
-0.718004
-0.718004
-0.716558
-0.718004
-0.715112
-0.715112
-0.716558
-0.718004
-0.716558
-0.720897
-0.719450
-0.725235
-0.723789
-0.719450
-0.722343
-0.723789
-0.722343
-0.725235
-0.728127
-0.726681
-0.723789
-0.726681
-0.725235
-0.723789
-0.723789
-0.720897
-0.720897
-0.716558
-0.713666
-0.718004
-0.720897
-0.723789
-0.725235
-0.725235
-0.725235
-0.718004
-0.716558
-0.719450
-0.718004
-0.716558
-0.719450
-0.722343
-0.725235
-0.726681
-0.729573
-0.726681
-0.723789
-0.723789
-0.722343
-0.719450
-0.718004
-0.716558
-0.720897
-0.722343
-0.719450
-0.718004
-0.720897
-0.719450
-0.722343
-0.719450
-0.715112
-0.715112
-0.715112
-0.710774
-0.716558
-0.712220
-0.712220
-0.715112
-0.713666
-0.720897
-0.719450
-0.716558
-0.720897
-0.713666
-0.722343
-0.716558
-0.719450
-0.720897
-0.716558
-0.713666
-0.715112
-0.712220
-0.713666
-0.713666
-0.719450
-0.719450
-0.722343
-0.723789
-0.719450
-0.725235
-0.725235
-0.726681
-0.725235
-0.725235
-0.729573
-0.728127
-0.723789
-0.715112
-0.719450
-0.719450
-0.719450
-0.718004
-0.720897
-0.718004
-0.719450
-0.718004
-0.718004
-0.716558
-0.718004
-0.715112
-0.713666
-0.712220
-0.718004
-0.718004
-0.722343
-0.728127
-0.719450
-0.716558
-0.719450
-0.722343
-0.716558
-0.719450
-0.723789
-0.722343
-0.725235
-0.722343
-0.725235
-0.720897
-0.720897
-0.720897
-0.715112
-0.720897
-0.722343
-0.719450
-0.720897
-0.720897
-0.723789
-0.723789
-0.718004
-0.718004
-0.723789
-0.719450
-0.718004
-0.715112
-0.718004
-0.716558
-0.718004
-0.719450
-0.720897
-0.722343
-0.723789
-0.723789
-0.718004
-0.723789
-0.722343
-0.722343
-0.719450
-0.716558
-0.712220
-0.706435
-0.720897
-0.720897
-0.723789
-0.725235
-0.725235
-0.722343
-0.725235
-0.726681
-0.726681
-0.729573
-0.723789
-0.725235
-0.720897
-0.719450
-0.719450
-0.718004
-0.716558
-0.719450
-0.723789
-0.725235
-0.725235
-0.723789
-0.723789
-0.725235
-0.723789
-0.718004
-0.720897
-0.722343
-0.722343
-0.723789
-0.726681
-0.725235
-0.725235
-0.718004
-0.723789
-0.723789
-0.720897
-0.725235
-0.725235
-0.725235
-0.726681
-0.726681
-0.725235
-0.718004
-0.718004
-0.719450
-0.718004
-0.720897
-0.723789
-0.722343
-0.716558
-0.718004
-0.713666
-0.716558
-0.719450
-0.719450
-0.719450
-0.716558
-0.718004
-0.718004
-0.715112
-0.722343
-0.722343
-0.719450
-0.722343
-0.726681
-0.728127
-0.731020
-0.732466
-0.733912
-0.728127
-0.720897
-0.726681
-0.725235
-0.719450
-0.719450
-0.722343
-0.726681
-0.722343
-0.723789
-0.725235
-0.726681
-0.726681
-0.726681
-0.722343
-0.723789
-0.722343
-0.728127
-0.728127
-0.725235
-0.718004
-0.713666
-0.720897
-0.719450
-0.719450
-0.725235
-0.720897
-0.720897
-0.722343
-0.719450
-0.718004
-0.719450
-0.722343
-0.722343
-0.722343
-0.726681
-0.720897
-0.719450
-0.723789
-0.726681
-0.726681
-0.726681
-0.728127
-0.723789
-0.720897
-0.716558
-0.718004
-0.716558
-0.715112
-0.719450
-0.713666
-0.716558
-0.719450
-0.718004
-0.716558
-0.720897
-0.718004
-0.716558
-0.716558
-0.713666
-0.712220
-0.713666
-0.715112
-0.715112
-0.712220
-0.716558
-0.716558
-0.716558
-0.713666
-0.722343
-0.718004
-0.720897
-0.715112
-0.719450
-0.715112
-0.712220
-0.718004
-0.719450
-0.713666
-0.713666
-0.720897
-0.720897
-0.719450
-0.718004
-0.720897
-0.719450
-0.713666
-0.718004
-0.722343
-0.722343
-0.720897
-0.716558
-0.715112
-0.719450
-0.720897
-0.716558
-0.723789
-0.723789
-0.728127
-0.726681
-0.726681
-0.723789
-0.726681
-0.722343
-0.723789
-0.723789
-0.726681
-0.723789
-0.728127
-0.723789
-0.725235
-0.723789
-0.725235
-0.720897
-0.722343
-0.722343
-0.720897
-0.725235
-0.722343
-0.722343
-0.719450
-0.722343
-0.723789
-0.723789
-0.719450
-0.720897
-0.726681
-0.719450
-0.719450
-0.718004
-0.718004
-0.719450
-0.719450
-0.716558
-0.720897
-0.720897
-0.723789
-0.723789
-0.723789
-0.722343
-0.719450
-0.722343
-0.726681
-0.726681
-0.720897
-0.719450
-0.718004
-0.719450
-0.720897
-0.719450
-0.718004
-0.719450
-0.722343
-0.723789
-0.713666
-0.715112
-0.719450
-0.722343
-0.723789
-0.722343
-0.719450
-0.718004
-0.718004
-0.723789
-0.723789
-0.723789
-0.725235
-0.720897
-0.723789
-0.723789
-0.723789
-0.719450
-0.718004
-0.716558
-0.719450
-0.719450
-0.716558
-0.716558
-0.719450
-0.718004
-0.718004
-0.715112
-0.716558
-0.718004
-0.722343
-0.725235
-0.722343
-0.719450
-0.718004
-0.723789
-0.719450
-0.722343
-0.722343
-0.722343
-0.720897
-0.723789
-0.726681
-0.728127
-0.723789
-0.719450
-0.719450
-0.718004
-0.718004
-0.719450
-0.720897
-0.718004
-0.720897
-0.718004
-0.719450
-0.716558
-0.716558
-0.713666
-0.713666
-0.713666
-0.713666
-0.716558
-0.720897
-0.722343
-0.723789
-0.719450
-0.715112
-0.715112
-0.715112
-0.713666
-0.715112
-0.718004
-0.716558
-0.716558
-0.720897
-0.720897
-0.722343
-0.725235
-0.723789
-0.720897
-0.722343
-0.728127
-0.728127
-0.729573
-0.722343
-0.722343
-0.722343
-0.723789
-0.722343
-0.719450
-0.716558
-0.719450
-0.716558
-0.718004
-0.718004
-0.720897
-0.720897
-0.723789
-0.720897
-0.722343
-0.720897
-0.722343
-0.723789
-0.720897
-0.722343
-0.722343
-0.723789
-0.725235
-0.725235
-0.726681
-0.725235
-0.723789
-0.723789
-0.720897
-0.719450
-0.718004
-0.722343
-0.720897
-0.715112
-0.715112
-0.719450
-0.722343
-0.720897
-0.720897
-0.719450
-0.719450
-0.719450
-0.723789
-0.722343
-0.722343
-0.718004
-0.715112
-0.719450
-0.720897
-0.723789
-0.728127
-0.725235
-0.725235
-0.726681
-0.723789
-0.720897
-0.720897
-0.723789
-0.719450
-0.720897
-0.716558
-0.723789
-0.723789
-0.728127
-0.728127
-0.725235
-0.723789
-0.720897
-0.722343
-0.722343
-0.718004
-0.718004
-0.716558
-0.716558
-0.713666
-0.716558
-0.713666
-0.715112
-0.718004
-0.722343
-0.722343
-0.723789
-0.723789
-0.716558
-0.718004
-0.720897
-0.722343
-0.725235
-0.725235
-0.722343
-0.723789
-0.725235
-0.726681
-0.725235
-0.723789
-0.725235
-0.728127
-0.725235
-0.722343
-0.720897
-0.722343
-0.722343
-0.723789
-0.718004
-0.719450
-0.722343
-0.720897
-0.720897
-0.723789
-0.720897
-0.725235
-0.723789
-0.723789
-0.720897
-0.722343
-0.719450
-0.716558
-0.719450
-0.720897
-0.719450
-0.723789
-0.725235
-0.720897
-0.722343
-0.722343
-0.722343
-0.722343
-0.720897
-0.718004
-0.719450
-0.723789
-0.723789
-0.722343
-0.728127
-0.728127
-0.725235
-0.722343
-0.720897
-0.718004
-0.718004
-0.719450
-0.719450
-0.718004
-0.722343
-0.716558
-0.715112
-0.715112
-0.715112
-0.718004
-0.716558
-0.716558
-0.720897
-0.713666
-0.715112
-0.716558
-0.718004
-0.722343
-0.718004
-0.719450
-0.720897
-0.722343
-0.720897
-0.723789
-0.720897
-0.723789
-0.722343
-0.719450
-0.720897
-0.720897
-0.722343
-0.723789
-0.728127
-0.726681
-0.722343
-0.726681
-0.719450
-0.718004
-0.719450
-0.720897
-0.720897
-0.722343
-0.720897
-0.720897
-0.720897
-0.725235
-0.722343
-0.722343
-0.716558
-0.718004
-0.719450
-0.716558
-0.718004
-0.726681
-0.725235
-0.722343
-0.723789
-0.723789
-0.725235
-0.726681
-0.723789
-0.720897
-0.720897
-0.720897
-0.722343
-0.720897
-0.720897
-0.720897
-0.720897
-0.723789
-0.722343
-0.723789
-0.719450
-0.718004
-0.718004
-0.720897
-0.720897
-0.719450
-0.719450
-0.718004
-0.715112
-0.715112
-0.716558
-0.716558
-0.719450
-0.719450
-0.723789
-0.725235
-0.723789
-0.719450
-0.723789
-0.720897
-0.722343
-0.720897
-0.720897
-0.726681
-0.728127
-0.725235
-0.723789
-0.722343
-0.716558
-0.716558
-0.718004
-0.719450
-0.718004
-0.720897
-0.722343
-0.722343
-0.720897
-0.722343
-0.725235
-0.725235
-0.725235
-0.725235
-0.723789
-0.722343
-0.723789
-0.725235
-0.722343
-0.720897
-0.720897
-0.720897
-0.722343
-0.722343
-0.722343
-0.722343
-0.725235
-0.719450
-0.719450
-0.722343
-0.720897
-0.718004
-0.718004
-0.719450
-0.718004
-0.718004
-0.718004
-0.719450
-0.715112
-0.722343
-0.720897
-0.723789
-0.723789
-0.719450
-0.720897
-0.722343
-0.722343
-0.720897
-0.720897
-0.719450
-0.716558
-0.722343
-0.720897
-0.718004
-0.718004
-0.722343
-0.722343
-0.722343
-0.718004
-0.720897
-0.719450
-0.719450
-0.720897
-0.719450
-0.722343
-0.723789
-0.720897
-0.718004
-0.719450
-0.718004
-0.718004
-0.722343
-0.719450
-0.726681
-0.726681
-0.726681
-0.723789
-0.725235
-0.725235
-0.723789
-0.723789
-0.722343
-0.723789
-0.723789
-0.723789
-0.723789
-0.722343
-0.722343
-0.723789
-0.723789
-0.722343
-0.722343
-0.722343
-0.722343
-0.719450
-0.720897
-0.720897
-0.722343
-0.720897
-0.725235
-0.725235
-0.720897
-0.720897
-0.722343
-0.722343
-0.722343
-0.723789
-0.725235
-0.723789
-0.722343
-0.723789
-0.723789
-0.722343
-0.718004
-0.719450
-0.723789
-0.725235
-0.726681
-0.725235
-0.725235
-0.723789
-0.722343
-0.722343
-0.723789
-0.720897
-0.720897
-0.720897
-0.722343
-0.723789
-0.725235
-0.725235
-0.725235
-0.725235
-0.726681
-0.728127
-0.728127
-0.722343
-0.722343
-0.722343
-0.723789
-0.723789
-0.725235
-0.723789
-0.723789
-0.722343
-0.720897
-0.722343
-0.722343
-0.722343
-0.719450
-0.722343
-0.723789
-0.720897
-0.720897
-0.719450
-0.719450
-0.719450
-0.722343
-0.720897
-0.720897
-0.718004
-0.720897
-0.722343
-0.719450
-0.718004
-0.719450
-0.720897
-0.723789
-0.722343
-0.719450
-0.720897
-0.725235
-0.725235
-0.723789
-0.728127
-0.726681
-0.726681
-0.723789
-0.723789
-0.723789
-0.720897
-0.722343
-0.719450
-0.720897
-0.725235
-0.723789
-0.723789
-0.723789
-0.723789
-0.722343
-0.723789
-0.722343
-0.722343
-0.722343
-0.723789
-0.723789
-0.722343
-0.719450
-0.718004
-0.719450
-0.719450
-0.718004
-0.718004
-0.720897
-0.720897
-0.718004
-0.719450
-0.719450
-0.720897
-0.719450
-0.720897
-0.719450
-0.720897
-0.720897
-0.719450
-0.719450
-0.720897
-0.719450
-0.718004
-0.720897
-0.722343
-0.723789
-0.725235
-0.723789
-0.722343
-0.720897
-0.720897
-0.720897
-0.719450
-0.719450
-0.722343
-0.722343
-0.722343
-0.722343
-0.722343
-0.720897
-0.720897
-0.722343
-0.722343
-0.720897
-0.723789
-0.723789
-0.725235
-0.725235
-0.725235
-0.722343
-0.722343
-0.720897
-0.720897
-0.720897
-0.722343
-0.722343
-0.723789
-0.725235
-0.723789
-0.725235
-0.725235
-0.726681
-0.726681
-0.723789
-0.723789
-0.723789
-0.722343
-0.725235
-0.725235
-0.725235
-0.723789
-0.722343
-0.723789
-0.723789
-0.725235
-0.725235
-0.723789
-0.725235
-0.723789
-0.722343
-0.722343
-0.723789
-0.722343
-0.720897
-0.719450
-0.719450
-0.719450
-0.719450
-0.718004
-0.718004
-0.719450
-0.720897
-0.718004
-0.720897
-0.720897
-0.720897
-0.718004
-0.718004
-0.719450
-0.719450
-0.719450
-0.719450
-0.720897
-0.720897
-0.720897
-0.722343
-0.722343
-0.720897
-0.720897
-0.716558
-0.716558
-0.716558
-0.716558
-0.719450
-0.720897
-0.720897
-0.720897
-0.722343
-0.722343
-0.723789
-0.725235
-0.725235
-0.725235
-0.722343
-0.722343
-0.720897
-0.719450
-0.720897
-0.719450
-0.719450
-0.718004
-0.716558
-0.718004
-0.718004
-0.720897
-0.720897
-0.720897
-0.720897
-0.722343
-0.720897
-0.720897
-0.720897
-0.720897
-0.720897
-0.719450
-0.719450
-0.719450
-0.722343
-0.722343
-0.716558
-0.719450
-0.719450
-0.719450
-0.718004
-0.718004
-0.718004
-0.716558
-0.716558
-0.713666
-0.713666
-0.713666
-0.718004
-0.718004
-0.718004
-0.718004
-0.720897
-0.719450
-0.718004
-0.719450
-0.718004
-0.720897
-0.720897
-0.720897
-0.718004
-0.719450
-0.720897
-0.720897
-0.720897
-0.718004
-0.718004
-0.718004
-0.719450
-0.719450
-0.719450
-0.719450
-0.719450
-0.718004
-0.718004
-0.718004
-0.718004
-0.719450
-0.719450
-0.719450
-0.719450
-0.722343
-0.722343
-0.723789
-0.723789
-0.723789
-0.722343
-0.722343
-0.720897
-0.720897
-0.720897
-0.720897
-0.722343
-0.720897
-0.720897
-0.720897
-0.720897
-0.719450
-0.720897
-0.720897
-0.720897
-0.719450
-0.718004
-0.718004
-0.719450
-0.718004
-0.718004
-0.718004
-0.719450
-0.720897
-0.720897
-0.720897
-0.720897
-0.720897
-0.722343
-0.725235
-0.723789
-0.723789
-0.723789
-0.723789
-0.723789
-0.723789
-0.723789
-0.723789
-0.723789
-0.722343
-0.723789
-0.722343
-0.720897
-0.722343
-0.725235
-0.723789
-0.722343
-0.722343
-0.722343
-0.723789
-0.725235
-0.725235
-0.725235
-0.723789
-0.722343
-0.720897
-0.720897
-0.720897
-0.720897
-0.720897
-0.720897
-0.723789
-0.723789
-0.720897
-0.720897
-0.720897
-0.723789
-0.723789
-0.723789
-0.723789
-0.723789
-0.723789
-0.723789
-0.722343
-0.722343
-0.720897
-0.720897
-0.722343
-0.723789
-0.722343
-0.720897
-0.720897
-0.720897
-0.720897
-0.720897
-0.720897
-0.720897
-0.720897
-0.722343
-0.722343
-0.722343
-0.720897
-0.722343
-0.722343
-0.722343
-0.723789
-0.723789
-0.723789
-0.723789
-0.723789
-0.723789
-0.723789
-0.723789
-0.723789
-0.723789
-0.720897
-0.720897
-0.720897
-0.720897
-0.720897
-0.722343
-0.720897
-0.720897
-0.723789
-0.723789
-0.725235
-0.725235
-0.723789
-0.723789
-0.723789
-0.723789
-0.723789
-0.723789
-0.723789
-0.723789
-0.723789
-0.723789
-0.723789
-0.723789
-0.723789
-0.723789
-0.723789
-0.723789
-0.723789
-0.723789
-0.723789
-0.725235
-0.725235
-0.723789
-0.723789
-0.723789
-0.723789
-0.723789
-0.723789
-0.723789
-0.723789
-0.723789
-0.723789
-0.722343
-0.722343
-0.720897
-0.719450
-0.720897
-0.719450
-0.719450
-0.719450
-0.720897
-0.720897
-0.722343
-0.722343
-0.722343
-0.722343
-0.722343
-0.722343
-0.722343
-0.722343
-0.722343
-0.722343
-0.722343
-0.722343
-0.722343
-0.722343
-0.722343
-0.722343
-0.723789
-0.723789
-0.723789
-0.723789
-0.723789
-0.723789
-0.723789
-0.723789
-0.723789
-0.723789
-0.723789
-0.723789
-0.723789
-0.723789
-0.723789
-0.723789
-0.723789
-0.723789
-0.723789
-0.723789
-0.723789
-0.723789
-0.723789
-0.723789
-0.723789
-0.723789
-0.723789
-0.723789
-0.723789
-0.723789
-0.723789
-0.723789
-0.723789
-0.723789
-0.723789
-0.723789
-0.723789
-0.723789
-0.723789
-0.723789
-0.723789
-0.723789
-0.723789
-0.723789
-0.723789
-0.723789
-0.723789
-0.723789
-0.723789
-0.723789
-0.723789
-0.723789
-0.723789
-0.723789
-0.723789
-0.723789
-0.723789
-0.723789
