-0.073806
-0.031838
-0.075253
-0.036179
-0.056440
-0.072359
-0.076700
-0.076700
-0.109986
-0.108538
-0.136035
-0.166425
-0.180897
-0.211288
-0.228654
-0.246020
-0.263386
-0.264834
-0.266281
-0.279305
-0.274964
-0.269175
-0.272069
-0.259045
-0.269175
-0.264834
-0.259045
-0.273517
-0.279305
-0.279305
-0.282200
-0.286541
-0.283647
-0.282200
-0.279305
-0.283647
-0.286541
-0.287988
-0.282200
-0.282200
-0.279305
-0.273517
-0.270622
-0.273517
-0.263386
-0.273517
-0.270622
-0.276411
-0.274964
-0.273517
-0.276411
-0.272069
-0.276411
-0.270622
-0.269175
-0.267728
-0.264834
-0.272069
-0.266281
-0.270622
-0.261939
-0.267728
-0.277858
-0.269175
-0.273517
-0.274964
-0.276411
-0.270622
-0.276411
-0.273517
-0.273517
-0.274964
-0.270622
-0.267728
-0.267728
-0.272069
-0.273517
-0.273517
-0.270622
-0.279305
-0.277858
-0.285094
-0.286541
-0.272069
-0.269175
-0.273517
-0.274964
-0.272069
-0.269175
-0.272069
-0.273517
-0.269175
-0.270622
-0.267728
-0.272069
-0.263386
-0.263386
-0.266281
-0.267728
-0.267728
-0.269175
-0.273517
-0.270622
-0.270622
-0.272069
-0.270622
-0.273517
-0.270622
-0.273517
-0.274964
-0.273517
-0.274964
-0.269175
-0.270622
-0.274964
-0.270622
-0.272069
-0.269175
-0.273517
-0.260492
-0.263386
-0.269175
-0.277858
-0.279305
-0.277858
-0.274964
-0.274964
-0.272069
-0.273517
-0.270622
-0.269175
-0.273517
-0.277858
-0.279305
-0.279305
-0.274964
-0.274964
-0.273517
-0.272069
-0.274964
-0.274964
-0.273517
-0.274964
-0.266281
-0.274964
-0.276411
-0.274964
-0.270622
-0.267728
-0.270622
-0.269175
-0.267728
-0.269175
-0.267728
-0.274964
-0.280753
-0.277858
-0.279305
-0.273517
-0.277858
-0.276411
-0.273517
-0.272069
-0.272069
-0.270622
-0.279305
-0.273517
-0.273517
-0.279305
-0.279305
-0.280753
-0.276411
-0.277858
-0.276411
-0.267728
-0.261939
-0.267728
-0.270622
-0.279305
-0.277858
-0.274964
-0.267728
-0.272069
-0.270622
-0.270622
-0.273517
-0.272069
-0.270622
-0.269175
-0.270622
-0.269175
-0.267728
-0.270622
-0.269175
-0.266281
-0.270622
-0.270622
-0.273517
-0.274964
-0.269175
-0.266281
-0.270622
-0.272069
-0.274964
-0.272069
-0.274964
-0.267728
-0.267728
-0.269175
-0.274964
-0.279305
-0.273517
-0.267728
-0.272069
-0.273517
-0.272069
-0.274964
-0.273517
-0.273517
-0.269175
-0.269175
-0.266281
-0.267728
-0.270622
-0.273517
-0.273517
-0.279305
-0.276411
-0.277858
-0.272069
-0.272069
-0.270622
-0.267728
-0.260492
-0.263386
-0.266281
-0.264834
-0.266281
-0.269175
-0.269175
-0.266281
-0.263386
-0.264834
-0.264834
-0.266281
-0.270622
-0.270622
-0.272069
-0.274964
-0.270622
-0.273517
-0.269175
-0.270622
-0.277858
-0.277858
-0.283647
-0.282200
-0.274964
-0.273517
-0.270622
-0.272069
-0.272069
-0.279305
-0.276411
-0.276411
-0.272069
-0.272069
-0.276411
-0.273517
-0.272069
-0.277858
-0.277858
-0.279305
-0.274964
-0.270622
-0.279305
-0.283647
-0.282200
-0.277858
-0.270622
-0.269175
-0.264834
-0.270622
-0.266281
-0.266281
-0.266281
-0.273517
-0.274964
-0.273517
-0.266281
-0.267728
-0.272069
-0.267728
-0.272069
-0.274964
-0.277858
-0.277858
-0.277858
-0.273517
-0.273517
-0.274964
-0.263386
-0.260492
-0.266281
-0.264834
-0.269175
-0.273517
-0.273517
-0.277858
-0.273517
-0.273517
-0.276411
-0.266281
-0.270622
-0.285094
-0.279305
-0.277858
-0.277858
-0.276411
-0.276411
-0.277858
-0.280753
-0.276411
-0.270622
-0.267728
-0.273517
-0.270622
-0.266281
-0.272069
-0.274964
-0.272069
-0.273517
-0.274964
-0.273517
-0.274964
-0.276411
-0.267728
-0.270622
-0.270622
-0.264834
-0.264834
-0.273517
-0.270622
-0.270622
-0.264834
-0.270622
-0.269175
-0.272069
-0.270622
-0.267728
-0.270622
-0.270622
-0.272069
-0.272069
-0.277858
-0.280753
-0.274964
-0.273517
-0.277858
-0.276411
-0.274964
-0.272069
-0.273517
-0.276411
-0.273517
-0.270622
-0.272069
-0.272069
-0.272069
-0.273517
-0.273517
-0.280753
-0.274964
-0.274964
-0.274964
-0.270622
-0.273517
-0.274964
-0.279305
-0.274964
-0.270622
-0.269175
-0.272069
-0.274964
-0.274964
-0.270622
-0.272069
-0.264834
-0.267728
-0.266281
-0.269175
-0.274964
-0.274964
-0.274964
-0.270622
-0.273517
-0.277858
-0.272069
-0.270622
-0.264834
-0.261939
-0.270622
-0.274964
-0.279305
-0.273517
-0.274964
-0.273517
-0.273517
-0.272069
-0.279305
-0.277858
-0.279305
-0.282200
-0.279305
-0.277858
-0.277858
-0.274964
-0.276411
-0.274964
-0.270622
-0.269175
-0.272069
-0.269175
-0.270622
-0.274964
-0.272069
-0.274964
-0.274964
-0.273517
-0.270622
-0.270622
-0.267728
-0.270622
-0.267728
-0.269175
-0.263386
-0.269175
-0.270622
-0.269175
-0.266281
-0.266281
-0.267728
-0.266281
-0.269175
-0.267728
-0.269175
-0.273517
-0.266281
-0.264834
-0.266281
-0.261939
-0.266281
-0.270622
-0.273517
-0.273517
-0.273517
-0.272069
-0.276411
-0.273517
-0.277858
-0.279305
-0.276411
-0.279305
-0.282200
-0.279305
-0.277858
-0.277858
-0.279305
-0.277858
-0.280753
-0.280753
-0.279305
-0.277858
-0.279305
-0.274964
-0.276411
-0.270622
-0.272069
-0.276411
-0.273517
-0.272069
-0.273517
-0.270622
-0.267728
-0.269175
-0.272069
-0.269175
-0.270622
-0.272069
-0.272069
-0.274964
-0.274964
-0.279305
-0.282200
-0.277858
-0.274964
-0.272069
-0.270622
-0.270622
-0.270622
-0.277858
-0.279305
-0.276411
-0.277858
-0.279305
-0.276411
-0.273517
-0.270622
-0.269175
-0.266281
-0.269175
-0.272069
-0.272069
-0.273517
-0.276411
-0.277858
-0.279305
-0.274964
-0.273517
-0.276411
-0.277858
-0.274964
-0.276411
-0.273517
-0.276411
-0.280753
-0.280753
-0.280753
-0.285094
-0.279305
-0.283647
-0.283647
-0.280753
-0.282200
-0.274964
-0.276411
-0.279305
-0.274964
-0.282200
-0.273517
-0.279305
-0.276411
-0.274964
-0.279305
-0.282200
-0.280753
-0.283647
-0.282200
-0.282200
-0.276411
-0.276411
-0.273517
-0.272069
-0.276411
-0.270622
-0.270622
-0.269175
-0.270622
-0.270622
-0.266281
-0.267728
-0.272069
-0.280753
-0.276411
-0.276411
-0.276411
-0.277858
-0.274964
-0.277858
-0.276411
-0.277858
-0.277858
-0.279305
-0.277858
-0.280753
-0.282200
-0.283647
-0.277858
-0.277858
-0.273517
-0.267728
-0.276411
-0.279305
-0.276411
-0.273517
-0.279305
-0.276411
-0.272069
-0.273517
-0.270622
-0.273517
-0.270622
-0.274964
-0.274964
-0.274964
-0.280753
-0.274964
-0.273517
-0.276411
-0.274964
-0.274964
-0.272069
-0.272069
-0.277858
-0.277858
-0.272069
-0.276411
-0.277858
-0.280753
-0.277858
-0.279305
-0.277858
-0.276411
-0.274964
-0.273517
-0.272069
-0.272069
-0.277858
-0.272069
-0.273517
-0.273517
-0.276411
-0.279305
-0.283647
-0.289436
-0.274964
-0.274964
-0.272069
-0.270622
-0.270622
-0.273517
-0.270622
-0.269175
-0.269175
-0.266281
-0.272069
-0.270622
-0.274964
-0.276411
-0.276411
-0.277858
-0.279305
-0.276411
-0.272069
-0.270622
-0.270622
-0.272069
-0.272069
-0.270622
-0.272069
-0.277858
-0.274964
-0.273517
-0.273517
-0.272069
-0.269175
-0.270622
-0.270622
-0.277858
-0.272069
-0.272069
-0.274964
-0.270622
-0.270622
-0.270622
-0.269175
-0.269175
-0.270622
-0.277858
-0.277858
-0.276411
-0.277858
-0.274964
-0.272069
-0.273517
-0.279305
-0.277858
-0.282200
-0.279305
-0.276411
-0.276411
-0.276411
-0.279305
-0.277858
-0.277858
-0.280753
-0.273517
-0.273517
-0.276411
-0.273517
-0.269175
-0.267728
-0.264834
-0.263386
-0.261939
-0.267728
-0.274964
-0.269175
-0.270622
-0.276411
-0.276411
-0.273517
-0.269175
-0.273517
-0.272069
-0.270622
-0.269175
-0.269175
-0.269175
-0.273517
-0.272069
-0.273517
-0.267728
-0.267728
-0.270622
-0.277858
-0.282200
-0.274964
-0.276411
-0.276411
-0.270622
-0.274964
-0.274964
-0.273517
-0.276411
-0.277858
-0.276411
-0.273517
-0.273517
-0.273517
-0.269175
-0.274964
-0.276411
-0.272069
-0.269175
-0.269175
-0.269175
-0.267728
-0.272069
-0.274964
-0.279305
-0.277858
-0.279305
-0.280753
-0.276411
-0.282200
-0.279305
-0.276411
-0.277858
-0.279305
-0.274964
-0.277858
-0.279305
-0.279305
-0.282200
-0.283647
-0.282200
-0.280753
-0.280753
-0.283647
-0.279305
-0.279305
-0.279305
-0.282200
-0.273517
-0.277858
-0.274964
-0.280753
-0.276411
-0.280753
-0.283647
-0.277858
-0.276411
-0.282200
-0.282200
-0.274964
-0.274964
-0.276411
-0.277858
-0.274964
-0.276411
-0.282200
-0.277858
-0.273517
-0.273517
-0.274964
-0.279305
-0.280753
-0.276411
-0.274964
-0.279305
-0.272069
-0.272069
-0.267728
-0.269175
-0.269175
-0.272069
-0.269175
-0.273517
-0.272069
-0.272069
-0.269175
-0.272069
-0.267728
-0.272069
-0.270622
-0.272069
-0.270622
-0.274964
-0.273517
-0.273517
-0.274964
-0.270622
-0.273517
-0.273517
-0.276411
-0.273517
-0.272069
-0.272069
-0.276411
-0.274964
-0.269175
-0.276411
-0.276411
-0.277858
-0.277858
-0.276411
-0.276411
-0.279305
-0.274964
-0.274964
-0.272069
-0.272069
-0.272069
-0.273517
-0.276411
-0.273517
-0.269175
-0.269175
-0.274964
-0.276411
-0.277858
-0.276411
-0.274964
-0.276411
-0.277858
-0.276411
-0.273517
-0.272069
-0.282200
-0.280753
-0.276411
-0.273517
-0.272069
-0.273517
-0.276411
-0.277858
-0.277858
-0.272069
-0.272069
-0.272069
-0.270622
-0.274964
-0.272069
-0.272069
-0.272069
-0.276411
-0.277858
-0.279305
-0.276411
-0.276411
-0.279305
-0.279305
-0.276411
-0.277858
-0.277858
-0.280753
-0.279305
-0.277858
-0.273517
-0.270622
-0.273517
-0.276411
-0.277858
-0.272069
-0.276411
-0.273517
-0.273517
-0.273517
-0.274964
-0.272069
-0.269175
-0.267728
-0.272069
-0.276411
-0.276411
-0.277858
-0.277858
-0.276411
-0.274964
-0.277858
-0.274964
-0.277858
-0.276411
-0.279305
-0.279305
-0.282200
-0.282200
-0.282200
-0.282200
-0.279305
-0.274964
-0.273517
-0.272069
-0.276411
-0.280753
-0.280753
-0.280753
-0.282200
-0.280753
-0.277858
-0.279305
-0.279305
-0.274964
-0.274964
-0.273517
-0.270622
-0.272069
-0.274964
-0.273517
-0.267728
-0.267728
-0.266281
-0.273517
-0.273517
-0.273517
-0.272069
-0.273517
-0.276411
-0.279305
-0.276411
-0.279305
-0.277858
-0.277858
-0.274964
-0.274964
-0.272069
-0.274964
-0.273517
-0.274964
-0.273517
-0.272069
-0.274964
-0.273517
-0.273517
-0.272069
-0.270622
-0.270622
-0.269175
-0.270622
-0.272069
-0.272069
-0.274964
-0.276411
-0.277858
-0.273517
-0.274964
-0.280753
-0.280753
-0.276411
-0.273517
-0.274964
-0.274964
-0.276411
-0.276411
-0.276411
-0.272069
-0.273517
-0.273517
-0.277858
-0.280753
-0.276411
-0.274964
-0.272069
-0.267728
-0.270622
-0.270622
-0.269175
-0.272069
-0.274964
-0.274964
-0.272069
-0.276411
-0.274964
-0.279305
-0.272069
-0.272069
-0.267728
-0.267728
-0.270622
-0.272069
-0.274964
-0.273517
-0.273517
-0.277858
-0.277858
-0.279305
-0.279305
-0.282200
-0.279305
-0.282200
-0.280753
-0.277858
-0.273517
-0.273517
-0.272069
-0.272069
-0.279305
-0.277858
-0.274964
-0.273517
-0.270622
-0.270622
-0.273517
-0.272069
-0.270622
-0.269175
-0.270622
-0.272069
-0.270622
-0.267728
-0.270622
-0.273517
-0.274964
-0.273517
-0.273517
-0.272069
-0.277858
-0.276411
-0.273517
-0.274964
-0.274964
-0.272069
-0.274964
-0.270622
-0.272069
-0.272069
-0.274964
-0.273517
-0.276411
-0.279305
-0.276411
-0.274964
-0.276411
-0.272069
-0.270622
-0.274964
-0.273517
-0.273517
-0.273517
-0.273517
-0.274964
-0.277858
-0.276411
-0.272069
-0.272069
-0.273517
-0.267728
-0.267728
-0.270622
-0.273517
-0.274964
-0.277858
-0.277858
-0.276411
-0.276411
-0.277858
-0.273517
-0.279305
-0.280753
-0.280753
-0.280753
-0.277858
-0.279305
-0.279305
-0.274964
-0.282200
-0.280753
-0.279305
-0.277858
-0.273517
-0.277858
-0.276411
-0.274964
-0.273517
-0.274964
-0.272069
-0.274964
-0.272069
-0.273517
-0.276411
-0.274964
-0.274964
-0.273517
-0.272069
-0.267728
-0.269175
-0.273517
-0.269175
-0.276411
-0.277858
-0.276411
-0.274964
-0.274964
-0.273517
-0.274964
-0.274964
-0.274964
-0.270622
-0.273517
-0.273517
-0.279305
-0.277858
-0.276411
-0.279305
-0.277858
-0.269175
-0.270622
-0.273517
-0.272069
-0.272069
-0.270622
-0.269175
-0.272069
-0.274964
-0.274964
-0.274964
-0.273517
-0.274964
-0.274964
-0.274964
-0.274964
-0.272069
-0.273517
-0.272069
-0.276411
-0.277858
-0.277858
-0.274964
-0.274964
-0.276411
-0.276411
-0.277858
-0.280753
-0.280753
-0.279305
-0.279305
-0.276411
-0.276411
-0.272069
-0.270622
-0.272069
-0.276411
-0.272069
-0.274964
-0.273517
-0.274964
-0.274964
-0.269175
-0.267728
-0.270622
-0.272069
-0.273517
-0.279305
-0.279305
-0.277858
-0.276411
-0.277858
-0.274964
-0.273517
-0.273517
-0.274964
-0.273517
-0.270622
-0.270622
-0.270622
-0.270622
-0.272069
-0.273517
-0.272069
-0.270622
-0.273517
-0.274964
-0.274964
-0.274964
-0.273517
-0.273517
-0.273517
-0.273517
-0.270622
-0.276411
-0.276411
-0.273517
-0.274964
-0.277858
-0.277858
-0.276411
-0.277858
-0.277858
-0.277858
-0.276411
-0.280753
-0.273517
-0.274964
-0.272069
-0.272069
-0.276411
-0.274964
-0.273517
-0.273517
-0.274964
-0.274964
-0.276411
-0.279305
-0.273517
-0.274964
-0.277858
-0.277858
-0.273517
-0.273517
-0.273517
-0.277858
-0.274964
-0.276411
-0.276411
-0.274964
-0.276411
-0.273517
-0.272069
-0.274964
-0.277858
-0.276411
-0.277858
-0.277858
-0.273517
-0.276411
-0.269175
-0.269175
-0.269175
-0.272069
-0.270622
-0.270622
-0.272069
-0.272069
-0.273517
-0.272069
-0.272069
-0.272069
-0.272069
-0.273517
-0.273517
-0.272069
-0.272069
-0.273517
-0.273517
-0.273517
-0.273517
-0.276411
-0.274964
-0.274964
-0.273517
-0.274964
-0.270622
-0.270622
-0.274964
-0.274964
-0.273517
-0.273517
-0.273517
-0.272069
-0.270622
-0.272069
-0.273517
-0.272069
-0.272069
-0.273517
-0.277858
-0.276411
-0.272069
-0.270622
-0.269175
-0.270622
-0.270622
-0.272069
-0.273517
-0.273517
-0.272069
-0.274964
-0.274964
-0.274964
-0.273517
-0.272069
-0.270622
-0.270622
-0.270622
-0.270622
-0.269175
-0.267728
-0.267728
-0.273517
-0.273517
-0.273517
-0.272069
-0.272069
-0.270622
-0.272069
-0.272069
-0.273517
-0.274964
-0.273517
-0.273517
-0.273517
-0.276411
-0.273517
-0.272069
-0.274964
-0.274964
-0.276411
-0.276411
-0.276411
-0.273517
-0.274964
-0.274964
-0.277858
-0.274964
-0.273517
-0.276411
-0.277858
-0.276411
-0.274964
-0.272069
-0.273517
-0.276411
-0.274964
-0.270622
-0.270622
-0.272069
-0.267728
-0.269175
-0.269175
-0.272069
-0.272069
-0.272069
-0.274964
-0.273517
-0.276411
-0.274964
-0.270622
-0.272069
-0.272069
-0.272069
-0.272069
-0.273517
-0.272069
-0.273517
-0.273517
-0.273517
-0.272069
-0.272069
-0.273517
-0.276411
-0.277858
-0.276411
-0.276411
-0.277858
-0.277858
-0.274964
-0.274964
-0.277858
-0.276411
-0.276411
-0.274964
-0.276411
-0.274964
-0.276411
-0.274964
-0.274964
-0.276411
-0.276411
-0.274964
-0.276411
-0.277858
-0.274964
-0.273517
-0.272069
-0.270622
-0.272069
-0.273517
-0.274964
-0.274964
-0.274964
-0.276411
-0.276411
-0.273517
-0.273517
-0.273517
-0.273517
-0.273517
-0.274964
-0.274964
-0.273517
-0.273517
-0.274964
-0.272069
-0.272069
-0.270622
-0.270622
-0.270622
-0.273517
-0.273517
-0.274964
-0.274964
-0.274964
-0.273517
-0.273517
-0.272069
-0.270622
-0.272069
-0.270622
-0.270622
-0.269175
-0.269175
-0.272069
-0.272069
-0.272069
-0.273517
-0.270622
-0.270622
-0.270622
-0.272069
-0.273517
-0.272069
-0.272069
-0.270622
-0.270622
-0.272069
-0.270622
-0.272069
-0.273517
-0.273517
-0.272069
-0.273517
-0.274964
-0.276411
-0.276411
-0.276411
-0.276411
-0.277858
-0.277858
-0.276411
-0.274964
-0.277858
-0.274964
-0.274964
-0.274964
-0.277858
-0.277858
-0.276411
-0.276411
-0.276411
-0.276411
-0.274964
-0.274964
-0.274964
-0.273517
-0.273517
-0.274964
-0.274964
-0.279305
-0.279305
-0.279305
-0.279305
-0.276411
-0.274964
-0.274964
-0.274964
-0.273517
-0.273517
-0.272069
-0.270622
-0.270622
-0.270622
-0.273517
-0.273517
-0.274964
-0.276411
-0.274964
-0.276411
-0.276411
-0.277858
-0.279305
-0.277858
-0.277858
-0.274964
-0.274964
-0.274964
-0.274964
-0.273517
-0.274964
-0.274964
-0.274964
-0.274964
-0.274964
-0.276411
-0.276411
-0.276411
-0.273517
-0.273517
-0.279305
-0.276411
-0.276411
-0.276411
-0.277858
-0.277858
-0.277858
-0.279305
-0.279305
-0.282200
-0.282200
-0.282200
-0.277858
-0.277858
-0.277858
-0.277858
-0.274964
-0.276411
-0.277858
-0.276411
-0.277858
-0.274964
-0.274964
-0.274964
-0.277858
-0.276411
-0.274964
-0.274964
-0.274964
-0.277858
-0.277858
-0.277858
-0.276411
-0.276411
-0.276411
-0.276411
-0.276411
-0.277858
-0.277858
-0.277858
-0.277858
-0.276411
-0.276411
-0.276411
-0.276411
-0.273517
-0.273517
-0.272069
-0.272069
-0.272069
-0.273517
-0.273517
-0.274964
-0.274964
-0.274964
-0.274964
-0.273517
-0.274964
-0.274964
-0.274964
-0.274964
-0.276411
-0.274964
-0.274964
-0.274964
-0.276411
-0.277858
-0.277858
-0.276411
-0.277858
-0.277858
-0.277858
-0.276411
-0.274964
-0.274964
-0.274964
-0.274964
-0.274964
-0.273517
-0.270622
-0.272069
-0.272069
-0.272069
-0.272069
-0.272069
-0.272069
-0.272069
-0.272069
-0.272069
-0.273517
-0.272069
-0.273517
-0.274964
-0.273517
-0.270622
-0.272069
-0.273517
-0.273517
-0.273517
-0.272069
-0.270622
-0.270622
-0.270622
-0.272069
-0.273517
-0.274964
-0.274964
-0.274964
-0.274964
-0.274964
-0.274964
-0.272069
-0.272069
-0.274964
-0.274964
-0.274964
-0.272069
-0.272069
-0.272069
-0.272069
-0.272069
-0.272069
-0.272069
-0.273517
-0.273517
-0.274964
-0.274964
-0.273517
-0.272069
-0.273517
-0.274964
-0.274964
-0.274964
-0.274964
-0.274964
-0.274964
-0.274964
-0.274964
-0.273517
-0.273517
-0.273517
-0.274964
-0.273517
-0.273517
-0.273517
-0.272069
-0.272069
-0.272069
-0.272069
-0.272069
-0.272069
-0.272069
-0.272069
-0.272069
-0.272069
-0.274964
-0.274964
-0.274964
-0.274964
-0.274964
-0.273517
-0.274964
-0.274964
-0.272069
-0.272069
-0.270622
-0.270622
-0.272069
-0.272069
-0.272069
-0.272069
-0.272069
-0.272069
-0.272069
-0.272069
-0.272069
-0.272069
-0.272069
-0.272069
-0.272069
-0.272069
-0.272069
-0.272069
-0.272069
-0.272069
-0.272069
-0.270622
-0.270622
-0.272069
-0.272069
-0.272069
-0.272069
-0.272069
-0.272069
-0.272069
-0.272069
-0.272069
-0.272069
-0.273517
-0.273517
-0.274964
-0.276411
-0.274964
-0.276411
-0.276411
-0.276411
-0.274964
-0.274964
-0.273517
-0.273517
-0.273517
-0.273517
-0.273517
-0.273517
-0.273517
-0.273517
-0.273517
-0.273517
-0.273517
-0.273517
-0.273517
-0.273517
-0.273517
-0.273517
-0.272069
-0.272069
-0.272069
-0.272069
-0.272069
-0.272069
-0.272069
-0.272069
-0.272069
-0.272069
-0.272069
-0.272069
-0.272069
-0.272069
-0.272069
-0.272069
-0.272069
-0.272069
-0.272069
-0.272069
-0.272069
-0.272069
-0.272069
-0.272069
-0.272069
-0.272069
-0.272069
-0.272069
-0.272069
-0.272069
-0.272069
-0.272069
-0.272069
-0.272069
-0.272069
-0.272069
-0.272069
-0.272069
-0.272069
-0.272069
-0.272069
-0.272069
-0.272069
-0.272069
-0.272069
-0.272069
-0.272069
-0.272069
-0.272069
-0.272069
-0.272069
-0.272069
-0.272069
-0.272069
-0.272069
-0.272069
-0.272069
-0.272069
