0.216632
0.443087
0.662061
0.802405
0.914995
1.010744
1.116880
1.245141
1.392694
1.520364
1.643508
1.758268
1.937793
2.041942
2.123036
2.222655
2.317696
2.395232
2.447894
2.520540
2.557432
2.576004
2.609364
2.636284
2.645394
2.664711
2.670744
2.663992
2.665794
2.669477
2.668548
2.669017
2.669929
2.672234
2.673167
2.671772
2.670857
2.672244
2.675927
2.675927
2.676865
2.678778
2.679753
2.678778
2.680380
2.678778
2.679753
2.677815
2.678295
2.678778
2.677815
2.679264
2.677815
2.679753
2.680245
2.680740
2.681739
2.679264
2.681238
2.679753
2.682750
2.680740
2.677339
2.680245
2.678778
2.678295
2.677815
2.679753
2.677815
2.678778
2.678778
2.678295
2.679753
2.680740
2.680740
2.679264
2.678778
2.678778
2.679753
2.676865
2.677339
2.675000
2.674542
2.679264
2.680245
2.678778
2.678295
2.679264
2.680245
2.679264
2.678778
2.680245
2.679753
2.680740
2.679264
2.682243
2.682243
2.681238
2.680740
2.680740
2.680245
2.678778
2.679753
2.679753
2.679264
2.679753
2.678778
2.679753
2.678778
2.678295
2.678778
2.678295
2.680245
2.679753
2.678295
2.679753
2.679264
2.680245
2.678778
2.683260
2.682243
2.680245
2.677339
2.676865
2.677339
2.678295
2.678295
2.679264
2.678778
2.679753
2.680245
2.678778
2.677339
2.676865
2.676865
2.678295
2.678295
2.678778
2.679264
2.678295
2.678295
2.678778
2.678295
2.681238
2.678295
2.677815
2.678295
2.679753
2.680740
2.679753
2.680245
2.680740
2.680245
2.680740
2.678295
2.676394
2.677339
2.676865
2.678778
2.677339
2.677815
2.678778
2.679264
2.679264
2.679753
2.676865
2.678778
2.678778
2.676865
2.676865
2.676394
2.677815
2.677339
2.677815
2.680740
2.682750
2.680740
2.679753
2.676865
2.677339
2.678295
2.680740
2.679264
2.679753
2.679753
2.678778
2.679264
2.679753
2.680245
2.679753
2.680245
2.680740
2.679753
2.680245
2.681238
2.679753
2.679753
2.678778
2.678295
2.680245
2.681238
2.679753
2.679264
2.678295
2.679264
2.678295
2.680740
2.680740
2.680245
2.678295
2.676865
2.678778
2.680740
2.679264
2.678778
2.679264
2.678295
2.678778
2.678778
2.680245
2.680245
2.681238
2.680740
2.679753
2.678778
2.678778
2.676865
2.677815
2.677339
2.679264
2.679264
2.679753
2.680740
2.683260
2.682243
2.681238
2.681739
2.681238
2.680245
2.680245
2.681238
2.682243
2.681739
2.681739
2.681238
2.679753
2.679753
2.679264
2.678295
2.679753
2.678778
2.680245
2.679753
2.675484
2.677339
2.675462
2.675927
2.678295
2.678778
2.679753
2.679264
2.679264
2.676865
2.677815
2.677815
2.679264
2.679264
2.677815
2.678778
2.679264
2.677339
2.677339
2.676865
2.678295
2.679753
2.676865
2.675462
2.675927
2.677339
2.679753
2.680245
2.681739
2.679753
2.681238
2.681238
2.681238
2.678778
2.678295
2.678778
2.681238
2.680740
2.679264
2.680740
2.679264
2.678295
2.677339
2.677339
2.677339
2.678778
2.678778
2.678295
2.682243
2.683260
2.681238
2.681739
2.678387
2.678778
2.678778
2.677339
2.678778
2.678778
2.677815
2.681238
2.679753
2.675000
2.676865
2.677339
2.677339
2.677815
2.677815
2.677339
2.676394
2.677815
2.679753
2.680740
2.678778
2.679753
2.681238
2.679264
2.678295
2.679264
2.678778
2.678295
2.678778
2.678295
2.677815
2.680740
2.679753
2.679753
2.681739
2.681739
2.678778
2.679753
2.679753
2.681739
2.679753
2.680245
2.679264
2.679753
2.680740
2.679753
2.679753
2.679264
2.679264
2.677339
2.676394
2.678295
2.678778
2.677339
2.677815
2.678295
2.679264
2.678778
2.677815
2.678778
2.679753
2.679264
2.679264
2.679264
2.678778
2.678778
2.676394
2.678295
2.678295
2.678295
2.679753
2.678778
2.678295
2.676865
2.678295
2.679753
2.680245
2.679264
2.678295
2.678295
2.679753
2.679264
2.681739
2.680740
2.681238
2.680245
2.678295
2.678295
2.678295
2.679753
2.678778
2.677339
2.679264
2.679753
2.681739
2.682750
2.679753
2.678295
2.676865
2.678778
2.678295
2.678778
2.678778
2.679264
2.676865
2.677339
2.676865
2.675927
2.676865
2.677339
2.677339
2.678295
2.677815
2.678295
2.679753
2.680245
2.679264
2.680245
2.679753
2.678295
2.679264
2.678295
2.678295
2.678778
2.679753
2.679753
2.680740
2.679753
2.680740
2.680245
2.682243
2.680245
2.679753
2.680245
2.681238
2.681238
2.680740
2.681238
2.680245
2.680740
2.680245
2.678778
2.681238
2.681739
2.681238
2.682750
2.681238
2.679753
2.678778
2.678778
2.678778
2.679264
2.677815
2.678778
2.677339
2.676865
2.677815
2.676865
2.675927
2.676865
2.677339
2.677339
2.676865
2.677339
2.676394
2.676394
2.676865
2.677339
2.676865
2.678295
2.677815
2.679753
2.679264
2.677815
2.678778
2.679264
2.678778
2.679753
2.680740
2.680245
2.679264
2.680245
2.679753
2.679264
2.679264
2.678295
2.678295
2.676865
2.675927
2.677339
2.678295
2.679264
2.679753
2.679753
2.679753
2.677339
2.676865
2.677815
2.677339
2.676865
2.677815
2.678778
2.679753
2.680245
2.681238
2.680245
2.679264
2.679264
2.678778
2.677815
2.677339
2.676865
2.678295
2.678778
2.677815
2.677339
2.678295
2.677815
2.678778
2.677815
2.676394
2.676394
2.676394
2.675000
2.676865
2.675462
2.675462
2.676394
2.675927
2.678295
2.677815
2.676865
2.678295
2.675927
2.678778
2.676865
2.677815
2.678295
2.676865
2.675927
2.676394
2.675462
2.675927
2.675927
2.677815
2.677815
2.678778
2.679264
2.677815
2.679753
2.679753
2.680245
2.679753
2.679753
2.681238
2.680740
2.679264
2.676394
2.677815
2.677815
2.677815
2.677339
2.678295
2.677339
2.677815
2.677339
2.677339
2.676865
2.677339
2.676394
2.675927
2.675462
2.677339
2.677339
2.678778
2.680740
2.677815
2.676865
2.677815
2.678778
2.676865
2.677815
2.679264
2.678778
2.679753
2.678778
2.679753
2.678295
2.678295
2.678295
2.676394
2.678295
2.678778
2.677815
2.678295
2.678295
2.679264
2.679264
2.677339
2.677339
2.679264
2.677815
2.677339
2.676394
2.677339
2.676865
2.677339
2.677815
2.678295
2.678778
2.679264
2.679264
2.677339
2.679264
2.678778
2.678778
2.677815
2.676865
2.675462
2.673634
2.678295
2.678295
2.679264
2.679753
2.679753
2.678778
2.679753
2.680245
2.680245
2.681238
2.679264
2.679753
2.678295
2.677815
2.677815
2.677339
2.676865
2.677815
2.679264
2.679753
2.679753
2.679264
2.679264
2.679753
2.679264
2.677339
2.678295
2.678778
2.678778
2.679264
2.680245
2.679753
2.679753
2.677339
2.679264
2.679264
2.678295
2.679753
2.679753
2.679753
2.680245
2.680245
2.679753
2.677339
2.677339
2.677815
2.677339
2.678295
2.679264
2.678778
2.676865
2.677339
2.675927
2.676865
2.677815
2.677815
2.677815
2.676865
2.677339
2.677339
2.676394
2.678778
2.678778
2.677815
2.678778
2.680245
2.680740
2.681739
2.682243
2.682750
2.680740
2.678295
2.680245
2.679753
2.677815
2.677815
2.678778
2.680245
2.678778
2.679264
2.679753
2.680245
2.680245
2.680245
2.678778
2.679264
2.678778
2.680740
2.680740
2.679753
2.677339
2.675927
2.678295
2.677815
2.677815
2.679753
2.678295
2.678295
2.678778
2.677815
2.677339
2.677815
2.678778
2.678778
2.678778
2.680245
2.678295
2.677815
2.679264
2.680245
2.680245
2.680245
2.680740
2.679264
2.678295
2.676865
2.677339
2.676865
2.676394
2.677815
2.675927
2.676865
2.677815
2.677339
2.676865
2.678295
2.677339
2.676865
2.676865
2.675927
2.675462
2.675927
2.676394
2.676394
2.675462
2.676865
2.676865
2.676865
2.675927
2.678778
2.677339
2.678295
2.676394
2.677815
2.676394
2.675462
2.677339
2.677815
2.675927
2.675927
2.678295
2.678295
2.677815
2.677339
2.678295
2.677815
2.675927
2.677339
2.678778
2.678778
2.678295
2.676865
2.676394
2.677815
2.678295
2.676865
2.679264
2.679264
2.680740
2.680245
2.680245
2.679264
2.680245
2.678778
2.679264
2.679264
2.680245
2.679264
2.680740
2.679264
2.679753
2.679264
2.679753
2.678295
2.678778
2.678778
2.678295
2.679753
2.678778
2.678778
2.677815
2.678778
2.679264
2.679264
2.677815
2.678295
2.680245
2.677815
2.677815
2.677339
2.677339
2.677815
2.677815
2.676865
2.678295
2.678295
2.679264
2.679264
2.679264
2.678778
2.677815
2.678778
2.680245
2.680245
2.678295
2.677815
2.677339
2.677815
2.678295
2.677815
2.677339
2.677815
2.678778
2.679264
2.675927
2.676394
2.677815
2.678778
2.679264
2.678778
2.677815
2.677339
2.677339
2.679264
2.679264
2.679264
2.679753
2.678295
2.679264
2.679264
2.679264
2.677815
2.677339
2.676865
2.677815
2.677815
2.676865
2.676865
2.677815
2.677339
2.677339
2.676394
2.676865
2.677339
2.678778
2.679753
2.678778
2.677815
2.677339
2.679264
2.677815
2.678778
2.678778
2.678778
2.678295
2.679264
2.680245
2.680740
2.679264
2.677815
2.677815
2.677339
2.677339
2.677815
2.678295
2.677339
2.678295
2.677339
2.677815
2.676865
2.676865
2.675927
2.675927
2.675927
2.675927
2.676865
2.678295
2.678778
2.679264
2.677815
2.676394
2.676394
2.676394
2.675927
2.676394
2.677339
2.676865
2.676865
2.678295
2.678295
2.678778
2.679753
2.679264
2.678295
2.678778
2.680740
2.680740
2.681238
2.678778
2.678778
2.678778
2.679264
2.678778
2.677815
2.676865
2.677815
2.676865
2.677339
2.677339
2.678295
2.678295
2.679264
2.678295
2.678778
2.678295
2.678778
2.679264
2.678295
2.678778
2.678778
2.679264
2.679753
2.679753
2.680245
2.679753
2.679264
2.679264
2.678295
2.677815
2.677339
2.678778
2.678295
2.676394
2.676394
2.677815
2.678778
2.678295
2.678295
2.677815
2.677815
2.677815
2.679264
2.678778
2.678778
2.677339
2.676394
2.677815
2.678295
2.679264
2.680740
2.679753
2.679753
2.680245
2.679264
2.678295
2.678295
2.679264
2.677815
2.678295
2.676865
2.679264
2.679264
2.680740
2.680740
2.679753
2.679264
2.678295
2.678778
2.678778
2.677339
2.677339
2.676865
2.676865
2.675927
2.676865
2.675927
2.676394
2.677339
2.678778
2.678778
2.679264
2.679264
2.676865
2.677339
2.678295
2.678778
2.679753
2.679753
2.678778
2.679264
2.679753
2.680245
2.679753
2.679264
2.679753
2.680740
2.679753
2.678778
2.678295
2.678778
2.678778
2.679264
2.677339
2.677815
2.678778
2.678295
2.678295
2.679264
2.678295
2.679753
2.679264
2.679264
2.678295
2.678778
2.677815
2.676865
2.677815
2.678295
2.677815
2.679264
2.679753
2.678295
2.678778
2.678778
2.678778
2.678778
2.678295
2.677339
2.677815
2.679264
2.679264
2.678778
2.680740
2.680740
2.679753
2.678778
2.678295
2.677339
2.677339
2.677815
2.677815
2.677339
2.678778
2.676865
2.676394
2.676394
2.676394
2.677339
2.676865
2.676865
2.678295
2.675927
2.676394
2.676865
2.677339
2.678778
2.677339
2.677815
2.678295
2.678778
2.678295
2.679264
2.678295
2.679264
2.678778
2.677815
2.678295
2.678295
2.678778
2.679264
2.680740
2.680245
2.678778
2.680245
2.677815
2.677339
2.677815
2.678295
2.678295
2.678778
2.678295
2.678295
2.678295
2.679753
2.678778
2.678778
2.676865
2.677339
2.677815
2.676865
2.677339
2.680245
2.679753
2.678778
2.679264
2.679264
2.679753
2.680245
2.679264
2.678295
2.678295
2.678295
2.678778
2.678295
2.678295
2.678295
2.678295
2.679264
2.678778
2.679264
2.677815
2.677339
2.677339
2.678295
2.678295
2.677815
2.677815
2.677339
2.676394
2.676394
2.676865
2.676865
2.677815
2.677815
2.679264
2.679753
2.679264
2.677815
2.679264
2.678295
2.678778
2.678295
2.678295
2.680245
2.680740
2.679753
2.679264
2.678778
2.676865
2.676865
2.677339
2.677815
2.677339
2.678295
2.678778
2.678778
2.678295
2.678778
2.679753
2.679753
2.679753
2.679753
2.679264
2.678778
2.679264
2.679753
2.678778
2.678295
2.678295
2.678295
2.678778
2.678778
2.678778
2.678778
2.679753
2.677815
2.677815
2.678778
2.678295
2.677339
2.677339
2.677815
2.677339
2.677339
2.677339
2.677815
2.676394
2.678778
2.678295
2.679264
2.679264
2.677815
2.678295
2.678778
2.678778
2.678295
2.678295
2.677815
2.676865
2.678778
2.678295
2.677339
2.677339
2.678778
2.678778
2.678778
2.677339
2.678295
2.677815
2.677815
2.678295
2.677815
2.678778
2.679264
2.678295
2.677339
2.677815
2.677339
2.677339
2.678778
2.677815
2.680245
2.680245
2.680245
2.679264
2.679753
2.679753
2.679264
2.679264
2.678778
2.679264
2.679264
2.679264
2.679264
2.678778
2.678778
2.679264
2.679264
2.678778
2.678778
2.678778
2.678778
2.677815
2.678295
2.678295
2.678778
2.678295
2.679753
2.679753
2.678295
2.678295
2.678778
2.678778
2.678778
2.679264
2.679753
2.679264
2.678778
2.679264
2.679264
2.678778
2.677339
2.677815
2.679264
2.679753
2.680245
2.679753
2.679753
2.679264
2.678778
2.678778
2.679264
2.678295
2.678295
2.678295
2.678778
2.679264
2.679753
2.679753
2.679753
2.679753
2.680245
2.680740
2.680740
2.678778
2.678778
2.678778
2.679264
2.679264
2.679753
2.679264
2.679264
2.678778
2.678295
2.678778
2.678778
2.678778
2.677815
2.678778
2.679264
2.678295
2.678295
2.677815
2.677815
2.677815
2.678778
2.678295
2.678295
2.677339
2.678295
2.678778
2.677815
2.677339
2.677815
2.678295
2.679264
2.678778
2.677815
2.678295
2.679753
2.679753
2.679264
2.680740
2.680245
2.680245
2.679264
2.679264
2.679264
2.678295
2.678778
2.677815
2.678295
2.679753
2.679264
2.679264
2.679264
2.679264
2.678778
2.679264
2.678778
2.678778
2.678778
2.679264
2.679264
2.678778
2.677815
2.677339
2.677815
2.677815
2.677339
2.677339
2.678295
2.678295
2.677339
2.677815
2.677815
2.678295
2.677815
2.678295
2.677815
2.678295
2.678295
2.677815
2.677815
2.678295
2.677815
2.677339
2.678295
2.678778
2.679264
2.679753
2.679264
2.678778
2.678295
2.678295
2.678295
2.677815
2.677815
2.678778
2.678778
2.678778
2.678778
2.678778
2.678295
2.678295
2.678778
2.678778
2.678295
2.679264
2.679264
2.679753
2.679753
2.679753
2.678778
2.678778
2.678295
2.678295
2.678295
2.678778
2.678778
2.679264
2.679753
2.679264
2.679753
2.679753
2.680245
2.680245
2.679264
2.679264
2.679264
2.678778
2.679753
2.679753
2.679753
2.679264
2.678778
2.679264
2.679264
2.679753
2.679753
2.679264
2.679753
2.679264
2.678778
2.678778
2.679264
2.678778
2.678295
2.677815
2.677815
2.677815
2.677815
2.677339
2.677339
2.677815
2.678295
2.677339
2.678295
2.678295
2.678295
2.677339
2.677339
2.677815
2.677815
2.677815
2.677815
2.678295
2.678295
2.678295
2.678778
2.678778
2.678295
2.678295
2.676865
2.676865
2.676865
2.676865
2.677815
2.678295
2.678295
2.678295
2.678778
2.678778
2.679264
2.679753
2.679753
2.679753
2.678778
2.678778
2.678295
2.677815
2.678295
2.677815
2.677815
2.677339
2.676865
2.677339
2.677339
2.678295
2.678295
2.678295
2.678295
2.678778
2.678295
2.678295
2.678295
2.678295
2.678295
2.677815
2.677815
2.677815
2.678778
2.678778
2.676865
2.677815
2.677815
2.677815
2.677339
2.677339
2.677339
2.676865
2.676865
2.675927
2.675927
2.675927
2.677339
2.677339
2.677339
2.677339
2.678295
2.677815
2.677339
2.677815
2.677339
2.678295
2.678295
2.678295
2.677339
2.677815
2.678295
2.678295
2.678295
2.677339
2.677339
2.677339
2.677815
2.677815
2.677815
2.677815
2.677815
2.677339
2.677339
2.677339
2.677339
2.677815
2.677815
2.677815
2.677815
2.678778
2.678778
2.679264
2.679264
2.679264
2.678778
2.678778
2.678295
2.678295
2.678295
2.678295
2.678778
2.678295
2.678295
2.678295
2.678295
2.677815
2.678295
2.678295
2.678295
2.677815
2.677339
2.677339
2.677815
2.677339
2.677339
2.677339
2.677815
2.678295
2.678295
2.678295
2.678295
2.678295
2.678778
2.679753
2.679264
2.679264
2.679264
2.679264
2.679264
2.679264
2.679264
2.679264
2.679264
2.678778
2.679264
2.678778
2.678295
2.678778
2.679753
2.679264
2.678778
2.678778
2.678778
2.679264
2.679753
2.679753
2.679753
2.679264
2.678778
2.678295
2.678295
2.678295
2.678295
2.678295
2.678295
2.679264
2.679264
2.678295
2.678295
2.678295
2.679264
2.679264
2.679264
2.679264
2.679264
2.679264
2.679264
2.678778
2.678778
2.678295
2.678295
2.678778
2.679264
2.678778
2.678295
2.678295
2.678295
2.678295
2.678295
2.678295
2.678295
2.678295
2.678778
2.678778
2.678778
2.678295
2.678778
2.678778
2.678778
2.679264
2.679264
2.679264
2.679264
2.679264
2.679264
2.679264
2.679264
2.679264
2.679264
2.678295
2.678295
2.678295
2.678295
2.678295
2.678778
2.678295
2.678295
2.679264
2.679264
2.679753
2.679753
2.679264
2.679264
2.679264
2.679264
2.679264
2.679264
2.679264
2.679264
2.679264
2.679264
2.679264
2.679264
2.679264
2.679264
2.679264
2.679264
2.679264
2.679264
2.679264
2.679753
2.679753
2.679264
2.679264
2.679264
2.679264
2.679264
2.679264
2.679264
2.679264
2.679264
2.679264
2.678778
2.678778
2.678295
2.677815
2.678295
2.677815
2.677815
2.677815
2.678295
2.678295
2.678778
2.678778
2.678778
2.678778
2.678778
2.678778
2.678778
2.678778
2.678778
2.678778
2.678778
2.678778
2.678778
2.678778
2.678778
2.678778
2.679264
2.679264
2.679264
2.679264
2.679264
2.679264
2.679264
2.679264
2.679264
2.679264
2.679264
2.679264
2.679264
2.679264
2.679264
2.679264
2.679264
2.679264
2.679264
2.679264
2.679264
2.679264
2.679264
2.679264
2.679264
2.679264
2.679264
2.679264
2.679264
2.679264
2.679264
2.679264
2.679264
2.679264
2.679264
2.679264
2.679264
2.679264
2.679264
2.679264
2.679264
2.679264
2.679264
2.679264
2.679264
2.679264
2.679264
2.679264
2.679264
2.679264
2.679264
2.679264
2.679264
2.679264
2.679264
2.679264
2.679264
2.679264
